{
"Battalion0" : {
    "dispatch_time_avg": 8.874411541381946,
    "dispatch_type_counts": [
        568,
        107,
        19,
        143,
        41
    ],
    "dispatch_type_time_avgs": [
        9.911649061032879,
        7.3065420560747585,
        7.726315789473673,
        6.5212121212121215,
        7.3361788617886114
    ],
    "dispatch_types": [
        "Medical Incident",
        "Fire",
        "Traffic Collision",
        "Alarms",
        "Other"
    ],
    "most_likely_dispatch": [
        [
            0.8,
            0.089,
            0.009,
            0.085,
            0.017
        ],
        [
            0.695,
            0.188,
            0.033,
            0.059,
            0.025
        ],
        [
            0.791,
            0.051,
            0.04,
            0.085,
            0.034
        ],
        [
            0.601,
            0.104,
            0.005,
            0.169,
            0.12
        ],
        [
            0.675,
            0.127,
            0.025,
            0.134,
            0.038
        ],
        [
            0.71,
            0.129,
            0.029,
            0.086,
            0.048
        ],
        [
            0.799,
            0.103,
            0.013,
            0.049,
            0.036
        ],
        [
            0.732,
            0.044,
            0.071,
            0.108,
            0.044
        ],
        [
            0.755,
            0.056,
            0.041,
            0.097,
            0.051
        ],
        [
            0.7,
            0.101,
            0.017,
            0.113,
            0.069
        ],
        [
            0.78,
            0.043,
            0.02,
            0.089,
            0.068
        ],
        [
            0.638,
            0.152,
            0.036,
            0.112,
            0.063
        ],
        [
            0.724,
            0.058,
            0.065,
            0.07,
            0.084
        ],
        [
            0.705,
            0.073,
            0.057,
            0.102,
            0.064
        ],
        [
            0.677,
            0.116,
            0.013,
            0.158,
            0.036
        ],
        [
            0.73,
            0.075,
            0.04,
            0.105,
            0.051
        ],
        [
            0.702,
            0.082,
            0.05,
            0.099,
            0.067
        ],
        [
            0.734,
            0.06,
            0.041,
            0.121,
            0.043
        ],
        [
            0.594,
            0.149,
            0.073,
            0.134,
            0.05
        ],
        [
            0.705,
            0.079,
            0.054,
            0.119,
            0.042
        ],
        [
            0.738,
            0.069,
            0.053,
            0.09,
            0.05
        ],
        [
            0.739,
            0.111,
            0.032,
            0.082,
            0.037
        ],
        [
            0.723,
            0.131,
            0.011,
            0.109,
            0.026
        ],
        [
            0.74,
            0.089,
            0.062,
            0.081,
            0.027
        ]
    ],
    "number": 1,
    "total_dispatch_count": 878,
    "total_dispatch_minutes": 7791.733333333349,
    "total_dispatch_type_minutes": [
        5629.816666666676,
        781.7999999999992,
        146.79999999999978,
        932.5333333333334,
        300.7833333333331
    ]
},
"Battalion1" : {
    "dispatch_time_avg": 8.941354782228068,
    "dispatch_type_counts": [
        1163,
        119,
        75,
        126,
        40
    ],
    "dispatch_type_time_avgs": [
        9.488521066208085,
        6.340616246498588,
        8.947777777777791,
        6.479100529100523,
        8.51375000000001
    ],
    "dispatch_types": [
        "Medical Incident",
        "Fire",
        "Traffic Collision",
        "Alarms",
        "Other"
    ],
    "most_likely_dispatch": [
        [
            0.8,
            0.089,
            0.009,
            0.085,
            0.017
        ],
        [
            0.695,
            0.188,
            0.033,
            0.059,
            0.025
        ],
        [
            0.791,
            0.051,
            0.04,
            0.085,
            0.034
        ],
        [
            0.601,
            0.104,
            0.005,
            0.169,
            0.12
        ],
        [
            0.675,
            0.127,
            0.025,
            0.134,
            0.038
        ],
        [
            0.71,
            0.129,
            0.029,
            0.086,
            0.048
        ],
        [
            0.799,
            0.103,
            0.013,
            0.049,
            0.036
        ],
        [
            0.732,
            0.044,
            0.071,
            0.108,
            0.044
        ],
        [
            0.755,
            0.056,
            0.041,
            0.097,
            0.051
        ],
        [
            0.7,
            0.101,
            0.017,
            0.113,
            0.069
        ],
        [
            0.78,
            0.043,
            0.02,
            0.089,
            0.068
        ],
        [
            0.638,
            0.152,
            0.036,
            0.112,
            0.063
        ],
        [
            0.724,
            0.058,
            0.065,
            0.07,
            0.084
        ],
        [
            0.705,
            0.073,
            0.057,
            0.102,
            0.064
        ],
        [
            0.677,
            0.116,
            0.013,
            0.158,
            0.036
        ],
        [
            0.73,
            0.075,
            0.04,
            0.105,
            0.051
        ],
        [
            0.702,
            0.082,
            0.05,
            0.099,
            0.067
        ],
        [
            0.734,
            0.06,
            0.041,
            0.121,
            0.043
        ],
        [
            0.594,
            0.149,
            0.073,
            0.134,
            0.05
        ],
        [
            0.705,
            0.079,
            0.054,
            0.119,
            0.042
        ],
        [
            0.738,
            0.069,
            0.053,
            0.09,
            0.05
        ],
        [
            0.739,
            0.111,
            0.032,
            0.082,
            0.037
        ],
        [
            0.723,
            0.131,
            0.011,
            0.109,
            0.026
        ],
        [
            0.74,
            0.089,
            0.062,
            0.081,
            0.027
        ]
    ],
    "number": 2,
    "total_dispatch_count": 1523,
    "total_dispatch_minutes": 13617.683333333347,
    "total_dispatch_type_minutes": [
        11035.150000000003,
        754.5333333333319,
        671.0833333333343,
        816.3666666666659,
        340.5500000000004
    ]
},
"Battalion2" : {
    "dispatch_time_avg": 10.146695178849132,
    "dispatch_type_counts": [
        933,
        81,
        35,
        178,
        59
    ],
    "dispatch_type_time_avgs": [
        10.673847802786728,
        7.0436213991769385,
        8.819047619047629,
        7.260767790262172,
        15.56497175141241
    ],
    "dispatch_types": [
        "Medical Incident",
        "Fire",
        "Traffic Collision",
        "Alarms",
        "Other"
    ],
    "most_likely_dispatch": [
        [
            0.8,
            0.089,
            0.009,
            0.085,
            0.017
        ],
        [
            0.695,
            0.188,
            0.033,
            0.059,
            0.025
        ],
        [
            0.791,
            0.051,
            0.04,
            0.085,
            0.034
        ],
        [
            0.601,
            0.104,
            0.005,
            0.169,
            0.12
        ],
        [
            0.675,
            0.127,
            0.025,
            0.134,
            0.038
        ],
        [
            0.71,
            0.129,
            0.029,
            0.086,
            0.048
        ],
        [
            0.799,
            0.103,
            0.013,
            0.049,
            0.036
        ],
        [
            0.732,
            0.044,
            0.071,
            0.108,
            0.044
        ],
        [
            0.755,
            0.056,
            0.041,
            0.097,
            0.051
        ],
        [
            0.7,
            0.101,
            0.017,
            0.113,
            0.069
        ],
        [
            0.78,
            0.043,
            0.02,
            0.089,
            0.068
        ],
        [
            0.638,
            0.152,
            0.036,
            0.112,
            0.063
        ],
        [
            0.724,
            0.058,
            0.065,
            0.07,
            0.084
        ],
        [
            0.705,
            0.073,
            0.057,
            0.102,
            0.064
        ],
        [
            0.677,
            0.116,
            0.013,
            0.158,
            0.036
        ],
        [
            0.73,
            0.075,
            0.04,
            0.105,
            0.051
        ],
        [
            0.702,
            0.082,
            0.05,
            0.099,
            0.067
        ],
        [
            0.734,
            0.06,
            0.041,
            0.121,
            0.043
        ],
        [
            0.594,
            0.149,
            0.073,
            0.134,
            0.05
        ],
        [
            0.705,
            0.079,
            0.054,
            0.119,
            0.042
        ],
        [
            0.738,
            0.069,
            0.053,
            0.09,
            0.05
        ],
        [
            0.739,
            0.111,
            0.032,
            0.082,
            0.037
        ],
        [
            0.723,
            0.131,
            0.011,
            0.109,
            0.026
        ],
        [
            0.74,
            0.089,
            0.062,
            0.081,
            0.027
        ]
    ],
    "number": 3,
    "total_dispatch_count": 1286,
    "total_dispatch_minutes": 13048.649999999985,
    "total_dispatch_type_minutes": [
        9958.700000000017,
        570.533333333332,
        308.66666666666697,
        1292.4166666666665,
        918.3333333333321
    ]
},
"Battalion3" : {
    "dispatch_time_avg": 8.21146649260226,
    "dispatch_type_counts": [
        519,
        95,
        12,
        81,
        59
    ],
    "dispatch_type_time_avgs": [
        9.00571612074502,
        6.21842105263159,
        6.65000000000002,
        6.4067901234567906,
        7.229096045197749
    ],
    "dispatch_types": [
        "Medical Incident",
        "Fire",
        "Traffic Collision",
        "Alarms",
        "Other"
    ],
    "most_likely_dispatch": [
        [
            0.8,
            0.089,
            0.009,
            0.085,
            0.017
        ],
        [
            0.695,
            0.188,
            0.033,
            0.059,
            0.025
        ],
        [
            0.791,
            0.051,
            0.04,
            0.085,
            0.034
        ],
        [
            0.601,
            0.104,
            0.005,
            0.169,
            0.12
        ],
        [
            0.675,
            0.127,
            0.025,
            0.134,
            0.038
        ],
        [
            0.71,
            0.129,
            0.029,
            0.086,
            0.048
        ],
        [
            0.799,
            0.103,
            0.013,
            0.049,
            0.036
        ],
        [
            0.732,
            0.044,
            0.071,
            0.108,
            0.044
        ],
        [
            0.755,
            0.056,
            0.041,
            0.097,
            0.051
        ],
        [
            0.7,
            0.101,
            0.017,
            0.113,
            0.069
        ],
        [
            0.78,
            0.043,
            0.02,
            0.089,
            0.068
        ],
        [
            0.638,
            0.152,
            0.036,
            0.112,
            0.063
        ],
        [
            0.724,
            0.058,
            0.065,
            0.07,
            0.084
        ],
        [
            0.705,
            0.073,
            0.057,
            0.102,
            0.064
        ],
        [
            0.677,
            0.116,
            0.013,
            0.158,
            0.036
        ],
        [
            0.73,
            0.075,
            0.04,
            0.105,
            0.051
        ],
        [
            0.702,
            0.082,
            0.05,
            0.099,
            0.067
        ],
        [
            0.734,
            0.06,
            0.041,
            0.121,
            0.043
        ],
        [
            0.594,
            0.149,
            0.073,
            0.134,
            0.05
        ],
        [
            0.705,
            0.079,
            0.054,
            0.119,
            0.042
        ],
        [
            0.738,
            0.069,
            0.053,
            0.09,
            0.05
        ],
        [
            0.739,
            0.111,
            0.032,
            0.082,
            0.037
        ],
        [
            0.723,
            0.131,
            0.011,
            0.109,
            0.026
        ],
        [
            0.74,
            0.089,
            0.062,
            0.081,
            0.027
        ]
    ],
    "number": 4,
    "total_dispatch_count": 766,
    "total_dispatch_minutes": 6289.983333333331,
    "total_dispatch_type_minutes": [
        4673.966666666665,
        590.750000000001,
        79.80000000000024,
        518.95,
        426.51666666666716
    ]
},
"Battalion4" : {
    "dispatch_time_avg": 8.333456973293769,
    "dispatch_type_counts": [
        466,
        79,
        23,
        71,
        35
    ],
    "dispatch_type_time_avgs": [
        8.971745350500713,
        6.823206751054862,
        7.496376811594218,
        7.28497652582161,
        5.9209523809524
    ],
    "dispatch_types": [
        "Medical Incident",
        "Fire",
        "Traffic Collision",
        "Alarms",
        "Other"
    ],
    "most_likely_dispatch": [
        [
            0.8,
            0.089,
            0.009,
            0.085,
            0.017
        ],
        [
            0.695,
            0.188,
            0.033,
            0.059,
            0.025
        ],
        [
            0.791,
            0.051,
            0.04,
            0.085,
            0.034
        ],
        [
            0.601,
            0.104,
            0.005,
            0.169,
            0.12
        ],
        [
            0.675,
            0.127,
            0.025,
            0.134,
            0.038
        ],
        [
            0.71,
            0.129,
            0.029,
            0.086,
            0.048
        ],
        [
            0.799,
            0.103,
            0.013,
            0.049,
            0.036
        ],
        [
            0.732,
            0.044,
            0.071,
            0.108,
            0.044
        ],
        [
            0.755,
            0.056,
            0.041,
            0.097,
            0.051
        ],
        [
            0.7,
            0.101,
            0.017,
            0.113,
            0.069
        ],
        [
            0.78,
            0.043,
            0.02,
            0.089,
            0.068
        ],
        [
            0.638,
            0.152,
            0.036,
            0.112,
            0.063
        ],
        [
            0.724,
            0.058,
            0.065,
            0.07,
            0.084
        ],
        [
            0.705,
            0.073,
            0.057,
            0.102,
            0.064
        ],
        [
            0.677,
            0.116,
            0.013,
            0.158,
            0.036
        ],
        [
            0.73,
            0.075,
            0.04,
            0.105,
            0.051
        ],
        [
            0.702,
            0.082,
            0.05,
            0.099,
            0.067
        ],
        [
            0.734,
            0.06,
            0.041,
            0.121,
            0.043
        ],
        [
            0.594,
            0.149,
            0.073,
            0.134,
            0.05
        ],
        [
            0.705,
            0.079,
            0.054,
            0.119,
            0.042
        ],
        [
            0.738,
            0.069,
            0.053,
            0.09,
            0.05
        ],
        [
            0.739,
            0.111,
            0.032,
            0.082,
            0.037
        ],
        [
            0.723,
            0.131,
            0.011,
            0.109,
            0.026
        ],
        [
            0.74,
            0.089,
            0.062,
            0.081,
            0.027
        ]
    ],
    "number": 5,
    "total_dispatch_count": 674,
    "total_dispatch_minutes": 5616.75,
    "total_dispatch_type_minutes": [
        4180.833333333332,
        539.0333333333341,
        172.41666666666703,
        517.2333333333343,
        207.233333333334
    ]
},
"Battalion5" : {
    "dispatch_time_avg": 8.798638344226582,
    "dispatch_type_counts": [
        422,
        53,
        34,
        66,
        37
    ],
    "dispatch_type_time_avgs": [
        9.634123222748817,
        6.793396226415088,
        7.966176470588219,
        6.632323232323238,
        6.771171171171169
    ],
    "dispatch_types": [
        "Medical Incident",
        "Fire",
        "Traffic Collision",
        "Alarms",
        "Other"
    ],
    "most_likely_dispatch": [
        [
            0.8,
            0.089,
            0.009,
            0.085,
            0.017
        ],
        [
            0.695,
            0.188,
            0.033,
            0.059,
            0.025
        ],
        [
            0.791,
            0.051,
            0.04,
            0.085,
            0.034
        ],
        [
            0.601,
            0.104,
            0.005,
            0.169,
            0.12
        ],
        [
            0.675,
            0.127,
            0.025,
            0.134,
            0.038
        ],
        [
            0.71,
            0.129,
            0.029,
            0.086,
            0.048
        ],
        [
            0.799,
            0.103,
            0.013,
            0.049,
            0.036
        ],
        [
            0.732,
            0.044,
            0.071,
            0.108,
            0.044
        ],
        [
            0.755,
            0.056,
            0.041,
            0.097,
            0.051
        ],
        [
            0.7,
            0.101,
            0.017,
            0.113,
            0.069
        ],
        [
            0.78,
            0.043,
            0.02,
            0.089,
            0.068
        ],
        [
            0.638,
            0.152,
            0.036,
            0.112,
            0.063
        ],
        [
            0.724,
            0.058,
            0.065,
            0.07,
            0.084
        ],
        [
            0.705,
            0.073,
            0.057,
            0.102,
            0.064
        ],
        [
            0.677,
            0.116,
            0.013,
            0.158,
            0.036
        ],
        [
            0.73,
            0.075,
            0.04,
            0.105,
            0.051
        ],
        [
            0.702,
            0.082,
            0.05,
            0.099,
            0.067
        ],
        [
            0.734,
            0.06,
            0.041,
            0.121,
            0.043
        ],
        [
            0.594,
            0.149,
            0.073,
            0.134,
            0.05
        ],
        [
            0.705,
            0.079,
            0.054,
            0.119,
            0.042
        ],
        [
            0.738,
            0.069,
            0.053,
            0.09,
            0.05
        ],
        [
            0.739,
            0.111,
            0.032,
            0.082,
            0.037
        ],
        [
            0.723,
            0.131,
            0.011,
            0.109,
            0.026
        ],
        [
            0.74,
            0.089,
            0.062,
            0.081,
            0.027
        ]
    ],
    "number": 6,
    "total_dispatch_count": 612,
    "total_dispatch_minutes": 5384.766666666668,
    "total_dispatch_type_minutes": [
        4065.600000000001,
        360.04999999999967,
        270.84999999999945,
        437.73333333333375,
        250.53333333333325
    ]
},
"Battalion6" : {
    "dispatch_time_avg": 8.947540983606562,
    "dispatch_type_counts": [
        261,
        39,
        17,
        34,
        15
    ],
    "dispatch_type_time_avgs": [
        9.486781609195416,
        6.297435897435906,
        8.024509803921553,
        9.12843137254901,
        7.091111111111091
    ],
    "dispatch_types": [
        "Medical Incident",
        "Fire",
        "Traffic Collision",
        "Alarms",
        "Other"
    ],
    "most_likely_dispatch": [
        [
            0.8,
            0.089,
            0.009,
            0.085,
            0.017
        ],
        [
            0.695,
            0.188,
            0.033,
            0.059,
            0.025
        ],
        [
            0.791,
            0.051,
            0.04,
            0.085,
            0.034
        ],
        [
            0.601,
            0.104,
            0.005,
            0.169,
            0.12
        ],
        [
            0.675,
            0.127,
            0.025,
            0.134,
            0.038
        ],
        [
            0.71,
            0.129,
            0.029,
            0.086,
            0.048
        ],
        [
            0.799,
            0.103,
            0.013,
            0.049,
            0.036
        ],
        [
            0.732,
            0.044,
            0.071,
            0.108,
            0.044
        ],
        [
            0.755,
            0.056,
            0.041,
            0.097,
            0.051
        ],
        [
            0.7,
            0.101,
            0.017,
            0.113,
            0.069
        ],
        [
            0.78,
            0.043,
            0.02,
            0.089,
            0.068
        ],
        [
            0.638,
            0.152,
            0.036,
            0.112,
            0.063
        ],
        [
            0.724,
            0.058,
            0.065,
            0.07,
            0.084
        ],
        [
            0.705,
            0.073,
            0.057,
            0.102,
            0.064
        ],
        [
            0.677,
            0.116,
            0.013,
            0.158,
            0.036
        ],
        [
            0.73,
            0.075,
            0.04,
            0.105,
            0.051
        ],
        [
            0.702,
            0.082,
            0.05,
            0.099,
            0.067
        ],
        [
            0.734,
            0.06,
            0.041,
            0.121,
            0.043
        ],
        [
            0.594,
            0.149,
            0.073,
            0.134,
            0.05
        ],
        [
            0.705,
            0.079,
            0.054,
            0.119,
            0.042
        ],
        [
            0.738,
            0.069,
            0.053,
            0.09,
            0.05
        ],
        [
            0.739,
            0.111,
            0.032,
            0.082,
            0.037
        ],
        [
            0.723,
            0.131,
            0.011,
            0.109,
            0.026
        ],
        [
            0.74,
            0.089,
            0.062,
            0.081,
            0.027
        ]
    ],
    "number": 7,
    "total_dispatch_count": 366,
    "total_dispatch_minutes": 3274.8000000000015,
    "total_dispatch_type_minutes": [
        2476.050000000004,
        245.60000000000034,
        136.4166666666664,
        310.36666666666633,
        106.36666666666636
    ]
},
"Battalion7" : {
    "dispatch_time_avg": 9.952979066022555,
    "dispatch_type_counts": [
        453,
        53,
        21,
        59,
        35
    ],
    "dispatch_type_time_avgs": [
        10.207947019867555,
        12.024842767295624,
        6.9293650793651,
        7.386440677966074,
        9.656190476190483
    ],
    "dispatch_types": [
        "Medical Incident",
        "Fire",
        "Traffic Collision",
        "Alarms",
        "Other"
    ],
    "most_likely_dispatch": [
        [
            0.8,
            0.089,
            0.009,
            0.085,
            0.017
        ],
        [
            0.695,
            0.188,
            0.033,
            0.059,
            0.025
        ],
        [
            0.791,
            0.051,
            0.04,
            0.085,
            0.034
        ],
        [
            0.601,
            0.104,
            0.005,
            0.169,
            0.12
        ],
        [
            0.675,
            0.127,
            0.025,
            0.134,
            0.038
        ],
        [
            0.71,
            0.129,
            0.029,
            0.086,
            0.048
        ],
        [
            0.799,
            0.103,
            0.013,
            0.049,
            0.036
        ],
        [
            0.732,
            0.044,
            0.071,
            0.108,
            0.044
        ],
        [
            0.755,
            0.056,
            0.041,
            0.097,
            0.051
        ],
        [
            0.7,
            0.101,
            0.017,
            0.113,
            0.069
        ],
        [
            0.78,
            0.043,
            0.02,
            0.089,
            0.068
        ],
        [
            0.638,
            0.152,
            0.036,
            0.112,
            0.063
        ],
        [
            0.724,
            0.058,
            0.065,
            0.07,
            0.084
        ],
        [
            0.705,
            0.073,
            0.057,
            0.102,
            0.064
        ],
        [
            0.677,
            0.116,
            0.013,
            0.158,
            0.036
        ],
        [
            0.73,
            0.075,
            0.04,
            0.105,
            0.051
        ],
        [
            0.702,
            0.082,
            0.05,
            0.099,
            0.067
        ],
        [
            0.734,
            0.06,
            0.041,
            0.121,
            0.043
        ],
        [
            0.594,
            0.149,
            0.073,
            0.134,
            0.05
        ],
        [
            0.705,
            0.079,
            0.054,
            0.119,
            0.042
        ],
        [
            0.738,
            0.069,
            0.053,
            0.09,
            0.05
        ],
        [
            0.739,
            0.111,
            0.032,
            0.082,
            0.037
        ],
        [
            0.723,
            0.131,
            0.011,
            0.109,
            0.026
        ],
        [
            0.74,
            0.089,
            0.062,
            0.081,
            0.027
        ]
    ],
    "number": 8,
    "total_dispatch_count": 621,
    "total_dispatch_minutes": 6180.800000000007,
    "total_dispatch_type_minutes": [
        4624.200000000003,
        637.3166666666681,
        145.5166666666671,
        435.79999999999836,
        337.9666666666669
    ]
},
"Battalion8" : {
    "dispatch_time_avg": 10.385946666666669,
    "dispatch_type_counts": [
        459,
        56,
        40,
        40,
        30
    ],
    "dispatch_type_time_avgs": [
        11.080718954248361,
        7.635714285714295,
        9.386249999999983,
        7.214583333333326,
        10.451111111111102
    ],
    "dispatch_types": [
        "Medical Incident",
        "Fire",
        "Traffic Collision",
        "Alarms",
        "Other"
    ],
    "most_likely_dispatch": [
        [
            0.8,
            0.089,
            0.009,
            0.085,
            0.017
        ],
        [
            0.695,
            0.188,
            0.033,
            0.059,
            0.025
        ],
        [
            0.791,
            0.051,
            0.04,
            0.085,
            0.034
        ],
        [
            0.601,
            0.104,
            0.005,
            0.169,
            0.12
        ],
        [
            0.675,
            0.127,
            0.025,
            0.134,
            0.038
        ],
        [
            0.71,
            0.129,
            0.029,
            0.086,
            0.048
        ],
        [
            0.799,
            0.103,
            0.013,
            0.049,
            0.036
        ],
        [
            0.732,
            0.044,
            0.071,
            0.108,
            0.044
        ],
        [
            0.755,
            0.056,
            0.041,
            0.097,
            0.051
        ],
        [
            0.7,
            0.101,
            0.017,
            0.113,
            0.069
        ],
        [
            0.78,
            0.043,
            0.02,
            0.089,
            0.068
        ],
        [
            0.638,
            0.152,
            0.036,
            0.112,
            0.063
        ],
        [
            0.724,
            0.058,
            0.065,
            0.07,
            0.084
        ],
        [
            0.705,
            0.073,
            0.057,
            0.102,
            0.064
        ],
        [
            0.677,
            0.116,
            0.013,
            0.158,
            0.036
        ],
        [
            0.73,
            0.075,
            0.04,
            0.105,
            0.051
        ],
        [
            0.702,
            0.082,
            0.05,
            0.099,
            0.067
        ],
        [
            0.734,
            0.06,
            0.041,
            0.121,
            0.043
        ],
        [
            0.594,
            0.149,
            0.073,
            0.134,
            0.05
        ],
        [
            0.705,
            0.079,
            0.054,
            0.119,
            0.042
        ],
        [
            0.738,
            0.069,
            0.053,
            0.09,
            0.05
        ],
        [
            0.739,
            0.111,
            0.032,
            0.082,
            0.037
        ],
        [
            0.723,
            0.131,
            0.011,
            0.109,
            0.026
        ],
        [
            0.74,
            0.089,
            0.062,
            0.081,
            0.027
        ]
    ],
    "number": 9,
    "total_dispatch_count": 625,
    "total_dispatch_minutes": 6491.216666666668,
    "total_dispatch_type_minutes": [
        5086.049999999997,
        427.60000000000053,
        375.4499999999993,
        288.58333333333303,
        313.5333333333331
    ]
},
"Battalion9" : {
    "dispatch_time_avg": 10.415434891905486,
    "dispatch_type_counts": [
        480,
        52,
        42,
        42,
        47
    ],
    "dispatch_type_time_avgs": [
        11.004791666666682,
        7.745512820512813,
        9.95873015873015,
        8.811507936507935,
        9.19184397163121
    ],
    "dispatch_types": [
        "Medical Incident",
        "Fire",
        "Traffic Collision",
        "Alarms",
        "Other"
    ],
    "most_likely_dispatch": [
        [
            0.8,
            0.089,
            0.009,
            0.085,
            0.017
        ],
        [
            0.695,
            0.188,
            0.033,
            0.059,
            0.025
        ],
        [
            0.791,
            0.051,
            0.04,
            0.085,
            0.034
        ],
        [
            0.601,
            0.104,
            0.005,
            0.169,
            0.12
        ],
        [
            0.675,
            0.127,
            0.025,
            0.134,
            0.038
        ],
        [
            0.71,
            0.129,
            0.029,
            0.086,
            0.048
        ],
        [
            0.799,
            0.103,
            0.013,
            0.049,
            0.036
        ],
        [
            0.732,
            0.044,
            0.071,
            0.108,
            0.044
        ],
        [
            0.755,
            0.056,
            0.041,
            0.097,
            0.051
        ],
        [
            0.7,
            0.101,
            0.017,
            0.113,
            0.069
        ],
        [
            0.78,
            0.043,
            0.02,
            0.089,
            0.068
        ],
        [
            0.638,
            0.152,
            0.036,
            0.112,
            0.063
        ],
        [
            0.724,
            0.058,
            0.065,
            0.07,
            0.084
        ],
        [
            0.705,
            0.073,
            0.057,
            0.102,
            0.064
        ],
        [
            0.677,
            0.116,
            0.013,
            0.158,
            0.036
        ],
        [
            0.73,
            0.075,
            0.04,
            0.105,
            0.051
        ],
        [
            0.702,
            0.082,
            0.05,
            0.099,
            0.067
        ],
        [
            0.734,
            0.06,
            0.041,
            0.121,
            0.043
        ],
        [
            0.594,
            0.149,
            0.073,
            0.134,
            0.05
        ],
        [
            0.705,
            0.079,
            0.054,
            0.119,
            0.042
        ],
        [
            0.738,
            0.069,
            0.053,
            0.09,
            0.05
        ],
        [
            0.739,
            0.111,
            0.032,
            0.082,
            0.037
        ],
        [
            0.723,
            0.131,
            0.011,
            0.109,
            0.026
        ],
        [
            0.74,
            0.089,
            0.062,
            0.081,
            0.027
        ]
    ],
    "number": 10,
    "total_dispatch_count": 663,
    "total_dispatch_minutes": 6905.433333333337,
    "total_dispatch_type_minutes": [
        5282.3000000000075,
        402.76666666666625,
        418.2666666666663,
        370.08333333333326,
        432.0166666666669
    ]
}
}